{
 "cells": [
  {
   "cell_type": "markdown",
   "id": "337d5c5b",
   "metadata": {},
   "source": [
    "## 보스턴 집값 경진대회\n",
    "\n",
    "- https://dacon.io/competitions/open/236065/overview/description\n"
   ]
  },
  {
   "cell_type": "markdown",
   "id": "0638ce9f",
   "metadata": {},
   "source": [
    "- CRIM: 도시별 1인당 범죄율\n",
    "\n",
    "\n",
    "- ZN: 25,000 피트를 초과하는 주거용 토지의 비율\n",
    "\n",
    "\n",
    "- NDUS: 비상업 면적의 비율\n",
    "\n",
    "\n",
    "- CHAS: 찰스강에 대한 더미 변수(강의 경계에 위치한 경우는 1, 아니면 0)\n",
    "\n",
    "\n",
    "- NOX: 일산화질소 농도\n",
    "\n",
    "\n",
    "- RM: 주택당 평균 방의 개수\n",
    "\n",
    "\n",
    "- AGE: 1940년 이전에 건축된 자가주택의 비율\n",
    "\n",
    "\n",
    "- DIS: 5개의 보스턴 고용 센터와의 거리\n",
    "\n",
    "\n",
    "- RAD: 고속도로 접근성 지수\n",
    "\n",
    "\n",
    "- TAX: 10,000달러당 재산세율\n",
    "\n",
    "\n",
    "- PTRATIO: 도시별 교사와 학생 수 비율\n",
    "\n",
    "\n",
    "- B: 마을의 흑인 거주 비율\n",
    "\n",
    "\n",
    "- LSTAT: 하위 계층의 비율\n",
    "\n",
    "\n",
    "- MEDV: 본인 소유의 주택 가격(중앙값, 단위: 천달러)"
   ]
  },
  {
   "cell_type": "code",
   "execution_count": 1,
   "id": "a69536c3",
   "metadata": {},
   "outputs": [
    {
     "data": {
      "text/html": [
       "<div>\n",
       "<style scoped>\n",
       "    .dataframe tbody tr th:only-of-type {\n",
       "        vertical-align: middle;\n",
       "    }\n",
       "\n",
       "    .dataframe tbody tr th {\n",
       "        vertical-align: top;\n",
       "    }\n",
       "\n",
       "    .dataframe thead th {\n",
       "        text-align: right;\n",
       "    }\n",
       "</style>\n",
       "<table border=\"1\" class=\"dataframe\">\n",
       "  <thead>\n",
       "    <tr style=\"text-align: right;\">\n",
       "      <th></th>\n",
       "      <th>ID</th>\n",
       "      <th>CRIM</th>\n",
       "      <th>ZN</th>\n",
       "      <th>INDUS</th>\n",
       "      <th>CHAS</th>\n",
       "      <th>NOX</th>\n",
       "      <th>RM</th>\n",
       "      <th>AGE</th>\n",
       "      <th>DIS</th>\n",
       "      <th>RAD</th>\n",
       "      <th>TAX</th>\n",
       "      <th>PTRATIO</th>\n",
       "      <th>B</th>\n",
       "      <th>LSTAT</th>\n",
       "      <th>MEDV</th>\n",
       "    </tr>\n",
       "  </thead>\n",
       "  <tbody>\n",
       "    <tr>\n",
       "      <th>0</th>\n",
       "      <td>TRAIN_000</td>\n",
       "      <td>0.04819</td>\n",
       "      <td>80.0</td>\n",
       "      <td>3.64</td>\n",
       "      <td>0.0</td>\n",
       "      <td>0.392</td>\n",
       "      <td>6.108</td>\n",
       "      <td>32.0</td>\n",
       "      <td>9.2203</td>\n",
       "      <td>1.0</td>\n",
       "      <td>315.0</td>\n",
       "      <td>16.4</td>\n",
       "      <td>392.89</td>\n",
       "      <td>6.57</td>\n",
       "      <td>21.9</td>\n",
       "    </tr>\n",
       "    <tr>\n",
       "      <th>1</th>\n",
       "      <td>TRAIN_001</td>\n",
       "      <td>1.42502</td>\n",
       "      <td>0.0</td>\n",
       "      <td>19.58</td>\n",
       "      <td>0.0</td>\n",
       "      <td>0.871</td>\n",
       "      <td>6.510</td>\n",
       "      <td>100.0</td>\n",
       "      <td>1.7659</td>\n",
       "      <td>5.0</td>\n",
       "      <td>403.0</td>\n",
       "      <td>14.7</td>\n",
       "      <td>364.31</td>\n",
       "      <td>7.39</td>\n",
       "      <td>23.3</td>\n",
       "    </tr>\n",
       "    <tr>\n",
       "      <th>2</th>\n",
       "      <td>TRAIN_002</td>\n",
       "      <td>0.01778</td>\n",
       "      <td>95.0</td>\n",
       "      <td>1.47</td>\n",
       "      <td>0.0</td>\n",
       "      <td>0.403</td>\n",
       "      <td>7.135</td>\n",
       "      <td>13.9</td>\n",
       "      <td>7.6534</td>\n",
       "      <td>3.0</td>\n",
       "      <td>402.0</td>\n",
       "      <td>17.0</td>\n",
       "      <td>384.30</td>\n",
       "      <td>4.45</td>\n",
       "      <td>32.9</td>\n",
       "    </tr>\n",
       "    <tr>\n",
       "      <th>3</th>\n",
       "      <td>TRAIN_003</td>\n",
       "      <td>9.51363</td>\n",
       "      <td>0.0</td>\n",
       "      <td>18.10</td>\n",
       "      <td>0.0</td>\n",
       "      <td>0.713</td>\n",
       "      <td>6.728</td>\n",
       "      <td>94.1</td>\n",
       "      <td>2.4961</td>\n",
       "      <td>24.0</td>\n",
       "      <td>666.0</td>\n",
       "      <td>20.2</td>\n",
       "      <td>6.68</td>\n",
       "      <td>18.71</td>\n",
       "      <td>14.9</td>\n",
       "    </tr>\n",
       "    <tr>\n",
       "      <th>4</th>\n",
       "      <td>TRAIN_004</td>\n",
       "      <td>1.65660</td>\n",
       "      <td>0.0</td>\n",
       "      <td>19.58</td>\n",
       "      <td>0.0</td>\n",
       "      <td>0.871</td>\n",
       "      <td>6.122</td>\n",
       "      <td>97.3</td>\n",
       "      <td>1.6180</td>\n",
       "      <td>5.0</td>\n",
       "      <td>403.0</td>\n",
       "      <td>14.7</td>\n",
       "      <td>372.80</td>\n",
       "      <td>14.10</td>\n",
       "      <td>21.5</td>\n",
       "    </tr>\n",
       "    <tr>\n",
       "      <th>...</th>\n",
       "      <td>...</td>\n",
       "      <td>...</td>\n",
       "      <td>...</td>\n",
       "      <td>...</td>\n",
       "      <td>...</td>\n",
       "      <td>...</td>\n",
       "      <td>...</td>\n",
       "      <td>...</td>\n",
       "      <td>...</td>\n",
       "      <td>...</td>\n",
       "      <td>...</td>\n",
       "      <td>...</td>\n",
       "      <td>...</td>\n",
       "      <td>...</td>\n",
       "      <td>...</td>\n",
       "    </tr>\n",
       "    <tr>\n",
       "      <th>450</th>\n",
       "      <td>TRAIN_450</td>\n",
       "      <td>0.33983</td>\n",
       "      <td>22.0</td>\n",
       "      <td>5.86</td>\n",
       "      <td>0.0</td>\n",
       "      <td>0.431</td>\n",
       "      <td>6.108</td>\n",
       "      <td>34.9</td>\n",
       "      <td>8.0555</td>\n",
       "      <td>7.0</td>\n",
       "      <td>330.0</td>\n",
       "      <td>19.1</td>\n",
       "      <td>390.18</td>\n",
       "      <td>9.16</td>\n",
       "      <td>24.3</td>\n",
       "    </tr>\n",
       "    <tr>\n",
       "      <th>451</th>\n",
       "      <td>TRAIN_451</td>\n",
       "      <td>3.83684</td>\n",
       "      <td>0.0</td>\n",
       "      <td>18.10</td>\n",
       "      <td>0.0</td>\n",
       "      <td>0.770</td>\n",
       "      <td>6.251</td>\n",
       "      <td>91.1</td>\n",
       "      <td>2.2955</td>\n",
       "      <td>24.0</td>\n",
       "      <td>666.0</td>\n",
       "      <td>20.2</td>\n",
       "      <td>350.65</td>\n",
       "      <td>14.19</td>\n",
       "      <td>19.9</td>\n",
       "    </tr>\n",
       "    <tr>\n",
       "      <th>452</th>\n",
       "      <td>TRAIN_452</td>\n",
       "      <td>0.20746</td>\n",
       "      <td>0.0</td>\n",
       "      <td>27.74</td>\n",
       "      <td>0.0</td>\n",
       "      <td>0.609</td>\n",
       "      <td>5.093</td>\n",
       "      <td>98.0</td>\n",
       "      <td>1.8226</td>\n",
       "      <td>4.0</td>\n",
       "      <td>711.0</td>\n",
       "      <td>20.1</td>\n",
       "      <td>318.43</td>\n",
       "      <td>29.68</td>\n",
       "      <td>8.1</td>\n",
       "    </tr>\n",
       "    <tr>\n",
       "      <th>453</th>\n",
       "      <td>TRAIN_453</td>\n",
       "      <td>0.09299</td>\n",
       "      <td>0.0</td>\n",
       "      <td>25.65</td>\n",
       "      <td>0.0</td>\n",
       "      <td>0.581</td>\n",
       "      <td>5.961</td>\n",
       "      <td>92.9</td>\n",
       "      <td>2.0869</td>\n",
       "      <td>2.0</td>\n",
       "      <td>188.0</td>\n",
       "      <td>19.1</td>\n",
       "      <td>378.09</td>\n",
       "      <td>17.93</td>\n",
       "      <td>20.5</td>\n",
       "    </tr>\n",
       "    <tr>\n",
       "      <th>454</th>\n",
       "      <td>TRAIN_454</td>\n",
       "      <td>25.94060</td>\n",
       "      <td>0.0</td>\n",
       "      <td>18.10</td>\n",
       "      <td>0.0</td>\n",
       "      <td>0.679</td>\n",
       "      <td>5.304</td>\n",
       "      <td>89.1</td>\n",
       "      <td>1.6475</td>\n",
       "      <td>24.0</td>\n",
       "      <td>666.0</td>\n",
       "      <td>20.2</td>\n",
       "      <td>127.36</td>\n",
       "      <td>26.64</td>\n",
       "      <td>10.4</td>\n",
       "    </tr>\n",
       "  </tbody>\n",
       "</table>\n",
       "<p>455 rows × 15 columns</p>\n",
       "</div>"
      ],
      "text/plain": [
       "            ID      CRIM    ZN  INDUS  CHAS    NOX     RM    AGE     DIS  \\\n",
       "0    TRAIN_000   0.04819  80.0   3.64   0.0  0.392  6.108   32.0  9.2203   \n",
       "1    TRAIN_001   1.42502   0.0  19.58   0.0  0.871  6.510  100.0  1.7659   \n",
       "2    TRAIN_002   0.01778  95.0   1.47   0.0  0.403  7.135   13.9  7.6534   \n",
       "3    TRAIN_003   9.51363   0.0  18.10   0.0  0.713  6.728   94.1  2.4961   \n",
       "4    TRAIN_004   1.65660   0.0  19.58   0.0  0.871  6.122   97.3  1.6180   \n",
       "..         ...       ...   ...    ...   ...    ...    ...    ...     ...   \n",
       "450  TRAIN_450   0.33983  22.0   5.86   0.0  0.431  6.108   34.9  8.0555   \n",
       "451  TRAIN_451   3.83684   0.0  18.10   0.0  0.770  6.251   91.1  2.2955   \n",
       "452  TRAIN_452   0.20746   0.0  27.74   0.0  0.609  5.093   98.0  1.8226   \n",
       "453  TRAIN_453   0.09299   0.0  25.65   0.0  0.581  5.961   92.9  2.0869   \n",
       "454  TRAIN_454  25.94060   0.0  18.10   0.0  0.679  5.304   89.1  1.6475   \n",
       "\n",
       "      RAD    TAX  PTRATIO       B  LSTAT  MEDV  \n",
       "0     1.0  315.0     16.4  392.89   6.57  21.9  \n",
       "1     5.0  403.0     14.7  364.31   7.39  23.3  \n",
       "2     3.0  402.0     17.0  384.30   4.45  32.9  \n",
       "3    24.0  666.0     20.2    6.68  18.71  14.9  \n",
       "4     5.0  403.0     14.7  372.80  14.10  21.5  \n",
       "..    ...    ...      ...     ...    ...   ...  \n",
       "450   7.0  330.0     19.1  390.18   9.16  24.3  \n",
       "451  24.0  666.0     20.2  350.65  14.19  19.9  \n",
       "452   4.0  711.0     20.1  318.43  29.68   8.1  \n",
       "453   2.0  188.0     19.1  378.09  17.93  20.5  \n",
       "454  24.0  666.0     20.2  127.36  26.64  10.4  \n",
       "\n",
       "[455 rows x 15 columns]"
      ]
     },
     "execution_count": 1,
     "metadata": {},
     "output_type": "execute_result"
    }
   ],
   "source": [
    "import pandas as pd\n",
    "import seaborn as sns\n",
    "import statsmodels.api as sm\n",
    "import statsmodels.formula.api as smf\n",
    "from statsmodels.formula.api import ols, glm\n",
    "\n",
    "house = pd.read_csv('./Boston Housing 데이터/train.csv')\n",
    "house\n"
   ]
  },
  {
   "cell_type": "code",
   "execution_count": 2,
   "id": "f660377e",
   "metadata": {
    "scrolled": true
   },
   "outputs": [
    {
     "data": {
      "text/html": [
       "<div>\n",
       "<style scoped>\n",
       "    .dataframe tbody tr th:only-of-type {\n",
       "        vertical-align: middle;\n",
       "    }\n",
       "\n",
       "    .dataframe tbody tr th {\n",
       "        vertical-align: top;\n",
       "    }\n",
       "\n",
       "    .dataframe thead th {\n",
       "        text-align: right;\n",
       "    }\n",
       "</style>\n",
       "<table border=\"1\" class=\"dataframe\">\n",
       "  <thead>\n",
       "    <tr style=\"text-align: right;\">\n",
       "      <th></th>\n",
       "      <th>CRIM</th>\n",
       "      <th>ZN</th>\n",
       "      <th>INDUS</th>\n",
       "      <th>CHAS</th>\n",
       "      <th>NOX</th>\n",
       "      <th>RM</th>\n",
       "      <th>AGE</th>\n",
       "      <th>DIS</th>\n",
       "      <th>RAD</th>\n",
       "      <th>TAX</th>\n",
       "      <th>PTRATIO</th>\n",
       "      <th>B</th>\n",
       "      <th>LSTAT</th>\n",
       "      <th>MEDV</th>\n",
       "    </tr>\n",
       "  </thead>\n",
       "  <tbody>\n",
       "    <tr>\n",
       "      <th>count</th>\n",
       "      <td>455.000000</td>\n",
       "      <td>455.000000</td>\n",
       "      <td>455.000000</td>\n",
       "      <td>455.000000</td>\n",
       "      <td>455.000000</td>\n",
       "      <td>455.000000</td>\n",
       "      <td>455.000000</td>\n",
       "      <td>455.000000</td>\n",
       "      <td>455.000000</td>\n",
       "      <td>455.000000</td>\n",
       "      <td>455.000000</td>\n",
       "      <td>455.000000</td>\n",
       "      <td>455.000000</td>\n",
       "      <td>455.000000</td>\n",
       "    </tr>\n",
       "    <tr>\n",
       "      <th>mean</th>\n",
       "      <td>3.659998</td>\n",
       "      <td>11.165934</td>\n",
       "      <td>11.092747</td>\n",
       "      <td>0.065934</td>\n",
       "      <td>0.555160</td>\n",
       "      <td>6.285352</td>\n",
       "      <td>68.320440</td>\n",
       "      <td>3.788439</td>\n",
       "      <td>9.551648</td>\n",
       "      <td>407.892308</td>\n",
       "      <td>18.453846</td>\n",
       "      <td>356.285714</td>\n",
       "      <td>12.604967</td>\n",
       "      <td>22.574725</td>\n",
       "    </tr>\n",
       "    <tr>\n",
       "      <th>std</th>\n",
       "      <td>8.888075</td>\n",
       "      <td>22.953757</td>\n",
       "      <td>6.821697</td>\n",
       "      <td>0.248440</td>\n",
       "      <td>0.116524</td>\n",
       "      <td>0.699346</td>\n",
       "      <td>27.893807</td>\n",
       "      <td>2.082031</td>\n",
       "      <td>8.718624</td>\n",
       "      <td>169.446805</td>\n",
       "      <td>2.149137</td>\n",
       "      <td>92.664335</td>\n",
       "      <td>7.090388</td>\n",
       "      <td>9.120759</td>\n",
       "    </tr>\n",
       "    <tr>\n",
       "      <th>min</th>\n",
       "      <td>0.006320</td>\n",
       "      <td>0.000000</td>\n",
       "      <td>0.460000</td>\n",
       "      <td>0.000000</td>\n",
       "      <td>0.389000</td>\n",
       "      <td>3.561000</td>\n",
       "      <td>2.900000</td>\n",
       "      <td>1.129600</td>\n",
       "      <td>1.000000</td>\n",
       "      <td>187.000000</td>\n",
       "      <td>12.600000</td>\n",
       "      <td>0.320000</td>\n",
       "      <td>1.730000</td>\n",
       "      <td>5.000000</td>\n",
       "    </tr>\n",
       "    <tr>\n",
       "      <th>25%</th>\n",
       "      <td>0.079230</td>\n",
       "      <td>0.000000</td>\n",
       "      <td>5.160000</td>\n",
       "      <td>0.000000</td>\n",
       "      <td>0.449000</td>\n",
       "      <td>5.881000</td>\n",
       "      <td>44.700000</td>\n",
       "      <td>2.100350</td>\n",
       "      <td>4.000000</td>\n",
       "      <td>278.000000</td>\n",
       "      <td>17.400000</td>\n",
       "      <td>375.990000</td>\n",
       "      <td>6.970000</td>\n",
       "      <td>17.100000</td>\n",
       "    </tr>\n",
       "    <tr>\n",
       "      <th>50%</th>\n",
       "      <td>0.245220</td>\n",
       "      <td>0.000000</td>\n",
       "      <td>9.690000</td>\n",
       "      <td>0.000000</td>\n",
       "      <td>0.538000</td>\n",
       "      <td>6.208000</td>\n",
       "      <td>76.700000</td>\n",
       "      <td>3.199200</td>\n",
       "      <td>5.000000</td>\n",
       "      <td>330.000000</td>\n",
       "      <td>19.000000</td>\n",
       "      <td>391.700000</td>\n",
       "      <td>11.280000</td>\n",
       "      <td>21.200000</td>\n",
       "    </tr>\n",
       "    <tr>\n",
       "      <th>75%</th>\n",
       "      <td>3.685665</td>\n",
       "      <td>12.500000</td>\n",
       "      <td>18.100000</td>\n",
       "      <td>0.000000</td>\n",
       "      <td>0.624000</td>\n",
       "      <td>6.627000</td>\n",
       "      <td>93.850000</td>\n",
       "      <td>5.164950</td>\n",
       "      <td>24.000000</td>\n",
       "      <td>666.000000</td>\n",
       "      <td>20.200000</td>\n",
       "      <td>396.375000</td>\n",
       "      <td>16.695000</td>\n",
       "      <td>25.100000</td>\n",
       "    </tr>\n",
       "    <tr>\n",
       "      <th>max</th>\n",
       "      <td>88.976200</td>\n",
       "      <td>100.000000</td>\n",
       "      <td>27.740000</td>\n",
       "      <td>1.000000</td>\n",
       "      <td>0.871000</td>\n",
       "      <td>8.780000</td>\n",
       "      <td>100.000000</td>\n",
       "      <td>12.126500</td>\n",
       "      <td>24.000000</td>\n",
       "      <td>711.000000</td>\n",
       "      <td>22.000000</td>\n",
       "      <td>396.900000</td>\n",
       "      <td>36.980000</td>\n",
       "      <td>50.000000</td>\n",
       "    </tr>\n",
       "  </tbody>\n",
       "</table>\n",
       "</div>"
      ],
      "text/plain": [
       "             CRIM          ZN       INDUS        CHAS         NOX          RM  \\\n",
       "count  455.000000  455.000000  455.000000  455.000000  455.000000  455.000000   \n",
       "mean     3.659998   11.165934   11.092747    0.065934    0.555160    6.285352   \n",
       "std      8.888075   22.953757    6.821697    0.248440    0.116524    0.699346   \n",
       "min      0.006320    0.000000    0.460000    0.000000    0.389000    3.561000   \n",
       "25%      0.079230    0.000000    5.160000    0.000000    0.449000    5.881000   \n",
       "50%      0.245220    0.000000    9.690000    0.000000    0.538000    6.208000   \n",
       "75%      3.685665   12.500000   18.100000    0.000000    0.624000    6.627000   \n",
       "max     88.976200  100.000000   27.740000    1.000000    0.871000    8.780000   \n",
       "\n",
       "              AGE         DIS         RAD         TAX     PTRATIO           B  \\\n",
       "count  455.000000  455.000000  455.000000  455.000000  455.000000  455.000000   \n",
       "mean    68.320440    3.788439    9.551648  407.892308   18.453846  356.285714   \n",
       "std     27.893807    2.082031    8.718624  169.446805    2.149137   92.664335   \n",
       "min      2.900000    1.129600    1.000000  187.000000   12.600000    0.320000   \n",
       "25%     44.700000    2.100350    4.000000  278.000000   17.400000  375.990000   \n",
       "50%     76.700000    3.199200    5.000000  330.000000   19.000000  391.700000   \n",
       "75%     93.850000    5.164950   24.000000  666.000000   20.200000  396.375000   \n",
       "max    100.000000   12.126500   24.000000  711.000000   22.000000  396.900000   \n",
       "\n",
       "            LSTAT        MEDV  \n",
       "count  455.000000  455.000000  \n",
       "mean    12.604967   22.574725  \n",
       "std      7.090388    9.120759  \n",
       "min      1.730000    5.000000  \n",
       "25%      6.970000   17.100000  \n",
       "50%     11.280000   21.200000  \n",
       "75%     16.695000   25.100000  \n",
       "max     36.980000   50.000000  "
      ]
     },
     "execution_count": 2,
     "metadata": {},
     "output_type": "execute_result"
    }
   ],
   "source": [
    "house.describe()"
   ]
  },
  {
   "cell_type": "code",
   "execution_count": 3,
   "id": "d13f3ec6",
   "metadata": {},
   "outputs": [
    {
     "name": "stdout",
     "output_type": "stream",
     "text": [
      "             CHAS\n",
      "MEDV  count  0.0     425.000000\n",
      "             1.0      30.000000\n",
      "      mean   0.0      22.134824\n",
      "             1.0      28.806667\n",
      "      std    0.0       8.762722\n",
      "             1.0      11.690165\n",
      "      min    0.0       5.000000\n",
      "             1.0      13.400000\n",
      "      25%    0.0      16.700000\n",
      "             1.0      21.700000\n",
      "      50%    0.0      21.000000\n",
      "             1.0      23.850000\n",
      "      75%    0.0      24.800000\n",
      "             1.0      33.175000\n",
      "      max    0.0      50.000000\n",
      "             1.0      50.000000\n",
      "dtype: float64\n"
     ]
    }
   ],
   "source": [
    "print(house.groupby('CHAS')[['MEDV']].describe().unstack('CHAS'))"
   ]
  },
  {
   "cell_type": "code",
   "execution_count": 4,
   "id": "953cd74e",
   "metadata": {
    "scrolled": true
   },
   "outputs": [
    {
     "name": "stdout",
     "output_type": "stream",
     "text": [
      "24.0    119\n",
      "5.0     106\n",
      "4.0      96\n",
      "3.0      36\n",
      "6.0      25\n",
      "2.0      21\n",
      "8.0      20\n",
      "1.0      18\n",
      "7.0      14\n",
      "Name: RAD, dtype: int64\n",
      "             RAD \n",
      "MEDV  count  1.0      18.0\n",
      "             2.0      21.0\n",
      "             3.0      36.0\n",
      "             4.0      96.0\n",
      "             5.0     106.0\n",
      "                     ...  \n",
      "      max    5.0      50.0\n",
      "             6.0      24.8\n",
      "             7.0      42.8\n",
      "             8.0      50.0\n",
      "             24.0     50.0\n",
      "Length: 72, dtype: float64\n"
     ]
    }
   ],
   "source": [
    "print(house.RAD.value_counts())\n",
    "print(house.groupby('RAD')[['MEDV']].describe().unstack('RAD'))"
   ]
  },
  {
   "cell_type": "code",
   "execution_count": 5,
   "id": "7a2d6fae",
   "metadata": {
    "scrolled": false
   },
   "outputs": [
    {
     "name": "stderr",
     "output_type": "stream",
     "text": [
      "C:\\Users\\Administrator\\AppData\\Local\\Temp\\ipykernel_28408\\3222390172.py:2: FutureWarning: The default value of numeric_only in DataFrame.corr is deprecated. In a future version, it will default to False. Select only valid columns or specify the value of numeric_only to silence this warning.\n",
      "  house.corr()\n"
     ]
    },
    {
     "data": {
      "text/html": [
       "<div>\n",
       "<style scoped>\n",
       "    .dataframe tbody tr th:only-of-type {\n",
       "        vertical-align: middle;\n",
       "    }\n",
       "\n",
       "    .dataframe tbody tr th {\n",
       "        vertical-align: top;\n",
       "    }\n",
       "\n",
       "    .dataframe thead th {\n",
       "        text-align: right;\n",
       "    }\n",
       "</style>\n",
       "<table border=\"1\" class=\"dataframe\">\n",
       "  <thead>\n",
       "    <tr style=\"text-align: right;\">\n",
       "      <th></th>\n",
       "      <th>CRIM</th>\n",
       "      <th>ZN</th>\n",
       "      <th>INDUS</th>\n",
       "      <th>CHAS</th>\n",
       "      <th>NOX</th>\n",
       "      <th>RM</th>\n",
       "      <th>AGE</th>\n",
       "      <th>DIS</th>\n",
       "      <th>RAD</th>\n",
       "      <th>TAX</th>\n",
       "      <th>PTRATIO</th>\n",
       "      <th>B</th>\n",
       "      <th>LSTAT</th>\n",
       "      <th>MEDV</th>\n",
       "    </tr>\n",
       "  </thead>\n",
       "  <tbody>\n",
       "    <tr>\n",
       "      <th>CRIM</th>\n",
       "      <td>1.000000</td>\n",
       "      <td>-0.196246</td>\n",
       "      <td>0.404043</td>\n",
       "      <td>-0.053530</td>\n",
       "      <td>0.410551</td>\n",
       "      <td>-0.212673</td>\n",
       "      <td>0.349981</td>\n",
       "      <td>-0.375011</td>\n",
       "      <td>0.614488</td>\n",
       "      <td>0.570890</td>\n",
       "      <td>0.287082</td>\n",
       "      <td>-0.384054</td>\n",
       "      <td>0.444276</td>\n",
       "      <td>-0.386511</td>\n",
       "    </tr>\n",
       "    <tr>\n",
       "      <th>ZN</th>\n",
       "      <td>-0.196246</td>\n",
       "      <td>1.000000</td>\n",
       "      <td>-0.525693</td>\n",
       "      <td>-0.025098</td>\n",
       "      <td>-0.505469</td>\n",
       "      <td>0.317844</td>\n",
       "      <td>-0.556758</td>\n",
       "      <td>0.647406</td>\n",
       "      <td>-0.306968</td>\n",
       "      <td>-0.316827</td>\n",
       "      <td>-0.388047</td>\n",
       "      <td>0.181655</td>\n",
       "      <td>-0.416454</td>\n",
       "      <td>0.376084</td>\n",
       "    </tr>\n",
       "    <tr>\n",
       "      <th>INDUS</th>\n",
       "      <td>0.404043</td>\n",
       "      <td>-0.525693</td>\n",
       "      <td>1.000000</td>\n",
       "      <td>0.057221</td>\n",
       "      <td>0.759181</td>\n",
       "      <td>-0.391466</td>\n",
       "      <td>0.638347</td>\n",
       "      <td>-0.702260</td>\n",
       "      <td>0.603900</td>\n",
       "      <td>0.730394</td>\n",
       "      <td>0.373639</td>\n",
       "      <td>-0.369784</td>\n",
       "      <td>0.608342</td>\n",
       "      <td>-0.483034</td>\n",
       "    </tr>\n",
       "    <tr>\n",
       "      <th>CHAS</th>\n",
       "      <td>-0.053530</td>\n",
       "      <td>-0.025098</td>\n",
       "      <td>0.057221</td>\n",
       "      <td>1.000000</td>\n",
       "      <td>0.081192</td>\n",
       "      <td>0.121848</td>\n",
       "      <td>0.069445</td>\n",
       "      <td>-0.089970</td>\n",
       "      <td>-0.006660</td>\n",
       "      <td>-0.033841</td>\n",
       "      <td>-0.118460</td>\n",
       "      <td>0.043095</td>\n",
       "      <td>-0.064032</td>\n",
       "      <td>0.181734</td>\n",
       "    </tr>\n",
       "    <tr>\n",
       "      <th>NOX</th>\n",
       "      <td>0.410551</td>\n",
       "      <td>-0.505469</td>\n",
       "      <td>0.759181</td>\n",
       "      <td>0.081192</td>\n",
       "      <td>1.000000</td>\n",
       "      <td>-0.306085</td>\n",
       "      <td>0.730537</td>\n",
       "      <td>-0.762721</td>\n",
       "      <td>0.609330</td>\n",
       "      <td>0.666784</td>\n",
       "      <td>0.175569</td>\n",
       "      <td>-0.385323</td>\n",
       "      <td>0.597259</td>\n",
       "      <td>-0.433293</td>\n",
       "    </tr>\n",
       "    <tr>\n",
       "      <th>RM</th>\n",
       "      <td>-0.212673</td>\n",
       "      <td>0.317844</td>\n",
       "      <td>-0.391466</td>\n",
       "      <td>0.121848</td>\n",
       "      <td>-0.306085</td>\n",
       "      <td>1.000000</td>\n",
       "      <td>-0.245285</td>\n",
       "      <td>0.210719</td>\n",
       "      <td>-0.214426</td>\n",
       "      <td>-0.299118</td>\n",
       "      <td>-0.354118</td>\n",
       "      <td>0.131836</td>\n",
       "      <td>-0.611582</td>\n",
       "      <td>0.697426</td>\n",
       "    </tr>\n",
       "    <tr>\n",
       "      <th>AGE</th>\n",
       "      <td>0.349981</td>\n",
       "      <td>-0.556758</td>\n",
       "      <td>0.638347</td>\n",
       "      <td>0.069445</td>\n",
       "      <td>0.730537</td>\n",
       "      <td>-0.245285</td>\n",
       "      <td>1.000000</td>\n",
       "      <td>-0.741336</td>\n",
       "      <td>0.462316</td>\n",
       "      <td>0.517079</td>\n",
       "      <td>0.250436</td>\n",
       "      <td>-0.281139</td>\n",
       "      <td>0.603303</td>\n",
       "      <td>-0.384123</td>\n",
       "    </tr>\n",
       "    <tr>\n",
       "      <th>DIS</th>\n",
       "      <td>-0.375011</td>\n",
       "      <td>0.647406</td>\n",
       "      <td>-0.702260</td>\n",
       "      <td>-0.089970</td>\n",
       "      <td>-0.762721</td>\n",
       "      <td>0.210719</td>\n",
       "      <td>-0.741336</td>\n",
       "      <td>1.000000</td>\n",
       "      <td>-0.496010</td>\n",
       "      <td>-0.539764</td>\n",
       "      <td>-0.227028</td>\n",
       "      <td>0.302359</td>\n",
       "      <td>-0.498786</td>\n",
       "      <td>0.260402</td>\n",
       "    </tr>\n",
       "    <tr>\n",
       "      <th>RAD</th>\n",
       "      <td>0.614488</td>\n",
       "      <td>-0.306968</td>\n",
       "      <td>0.603900</td>\n",
       "      <td>-0.006660</td>\n",
       "      <td>0.609330</td>\n",
       "      <td>-0.214426</td>\n",
       "      <td>0.462316</td>\n",
       "      <td>-0.496010</td>\n",
       "      <td>1.000000</td>\n",
       "      <td>0.908535</td>\n",
       "      <td>0.467822</td>\n",
       "      <td>-0.454256</td>\n",
       "      <td>0.486773</td>\n",
       "      <td>-0.383792</td>\n",
       "    </tr>\n",
       "    <tr>\n",
       "      <th>TAX</th>\n",
       "      <td>0.570890</td>\n",
       "      <td>-0.316827</td>\n",
       "      <td>0.730394</td>\n",
       "      <td>-0.033841</td>\n",
       "      <td>0.666784</td>\n",
       "      <td>-0.299118</td>\n",
       "      <td>0.517079</td>\n",
       "      <td>-0.539764</td>\n",
       "      <td>0.908535</td>\n",
       "      <td>1.000000</td>\n",
       "      <td>0.461456</td>\n",
       "      <td>-0.450327</td>\n",
       "      <td>0.547234</td>\n",
       "      <td>-0.470998</td>\n",
       "    </tr>\n",
       "    <tr>\n",
       "      <th>PTRATIO</th>\n",
       "      <td>0.287082</td>\n",
       "      <td>-0.388047</td>\n",
       "      <td>0.373639</td>\n",
       "      <td>-0.118460</td>\n",
       "      <td>0.175569</td>\n",
       "      <td>-0.354118</td>\n",
       "      <td>0.250436</td>\n",
       "      <td>-0.227028</td>\n",
       "      <td>0.467822</td>\n",
       "      <td>0.461456</td>\n",
       "      <td>1.000000</td>\n",
       "      <td>-0.183874</td>\n",
       "      <td>0.362355</td>\n",
       "      <td>-0.508638</td>\n",
       "    </tr>\n",
       "    <tr>\n",
       "      <th>B</th>\n",
       "      <td>-0.384054</td>\n",
       "      <td>0.181655</td>\n",
       "      <td>-0.369784</td>\n",
       "      <td>0.043095</td>\n",
       "      <td>-0.385323</td>\n",
       "      <td>0.131836</td>\n",
       "      <td>-0.281139</td>\n",
       "      <td>0.302359</td>\n",
       "      <td>-0.454256</td>\n",
       "      <td>-0.450327</td>\n",
       "      <td>-0.183874</td>\n",
       "      <td>1.000000</td>\n",
       "      <td>-0.366402</td>\n",
       "      <td>0.332199</td>\n",
       "    </tr>\n",
       "    <tr>\n",
       "      <th>LSTAT</th>\n",
       "      <td>0.444276</td>\n",
       "      <td>-0.416454</td>\n",
       "      <td>0.608342</td>\n",
       "      <td>-0.064032</td>\n",
       "      <td>0.597259</td>\n",
       "      <td>-0.611582</td>\n",
       "      <td>0.603303</td>\n",
       "      <td>-0.498786</td>\n",
       "      <td>0.486773</td>\n",
       "      <td>0.547234</td>\n",
       "      <td>0.362355</td>\n",
       "      <td>-0.366402</td>\n",
       "      <td>1.000000</td>\n",
       "      <td>-0.738124</td>\n",
       "    </tr>\n",
       "    <tr>\n",
       "      <th>MEDV</th>\n",
       "      <td>-0.386511</td>\n",
       "      <td>0.376084</td>\n",
       "      <td>-0.483034</td>\n",
       "      <td>0.181734</td>\n",
       "      <td>-0.433293</td>\n",
       "      <td>0.697426</td>\n",
       "      <td>-0.384123</td>\n",
       "      <td>0.260402</td>\n",
       "      <td>-0.383792</td>\n",
       "      <td>-0.470998</td>\n",
       "      <td>-0.508638</td>\n",
       "      <td>0.332199</td>\n",
       "      <td>-0.738124</td>\n",
       "      <td>1.000000</td>\n",
       "    </tr>\n",
       "  </tbody>\n",
       "</table>\n",
       "</div>"
      ],
      "text/plain": [
       "             CRIM        ZN     INDUS      CHAS       NOX        RM       AGE  \\\n",
       "CRIM     1.000000 -0.196246  0.404043 -0.053530  0.410551 -0.212673  0.349981   \n",
       "ZN      -0.196246  1.000000 -0.525693 -0.025098 -0.505469  0.317844 -0.556758   \n",
       "INDUS    0.404043 -0.525693  1.000000  0.057221  0.759181 -0.391466  0.638347   \n",
       "CHAS    -0.053530 -0.025098  0.057221  1.000000  0.081192  0.121848  0.069445   \n",
       "NOX      0.410551 -0.505469  0.759181  0.081192  1.000000 -0.306085  0.730537   \n",
       "RM      -0.212673  0.317844 -0.391466  0.121848 -0.306085  1.000000 -0.245285   \n",
       "AGE      0.349981 -0.556758  0.638347  0.069445  0.730537 -0.245285  1.000000   \n",
       "DIS     -0.375011  0.647406 -0.702260 -0.089970 -0.762721  0.210719 -0.741336   \n",
       "RAD      0.614488 -0.306968  0.603900 -0.006660  0.609330 -0.214426  0.462316   \n",
       "TAX      0.570890 -0.316827  0.730394 -0.033841  0.666784 -0.299118  0.517079   \n",
       "PTRATIO  0.287082 -0.388047  0.373639 -0.118460  0.175569 -0.354118  0.250436   \n",
       "B       -0.384054  0.181655 -0.369784  0.043095 -0.385323  0.131836 -0.281139   \n",
       "LSTAT    0.444276 -0.416454  0.608342 -0.064032  0.597259 -0.611582  0.603303   \n",
       "MEDV    -0.386511  0.376084 -0.483034  0.181734 -0.433293  0.697426 -0.384123   \n",
       "\n",
       "              DIS       RAD       TAX   PTRATIO         B     LSTAT      MEDV  \n",
       "CRIM    -0.375011  0.614488  0.570890  0.287082 -0.384054  0.444276 -0.386511  \n",
       "ZN       0.647406 -0.306968 -0.316827 -0.388047  0.181655 -0.416454  0.376084  \n",
       "INDUS   -0.702260  0.603900  0.730394  0.373639 -0.369784  0.608342 -0.483034  \n",
       "CHAS    -0.089970 -0.006660 -0.033841 -0.118460  0.043095 -0.064032  0.181734  \n",
       "NOX     -0.762721  0.609330  0.666784  0.175569 -0.385323  0.597259 -0.433293  \n",
       "RM       0.210719 -0.214426 -0.299118 -0.354118  0.131836 -0.611582  0.697426  \n",
       "AGE     -0.741336  0.462316  0.517079  0.250436 -0.281139  0.603303 -0.384123  \n",
       "DIS      1.000000 -0.496010 -0.539764 -0.227028  0.302359 -0.498786  0.260402  \n",
       "RAD     -0.496010  1.000000  0.908535  0.467822 -0.454256  0.486773 -0.383792  \n",
       "TAX     -0.539764  0.908535  1.000000  0.461456 -0.450327  0.547234 -0.470998  \n",
       "PTRATIO -0.227028  0.467822  0.461456  1.000000 -0.183874  0.362355 -0.508638  \n",
       "B        0.302359 -0.454256 -0.450327 -0.183874  1.000000 -0.366402  0.332199  \n",
       "LSTAT   -0.498786  0.486773  0.547234  0.362355 -0.366402  1.000000 -0.738124  \n",
       "MEDV     0.260402 -0.383792 -0.470998 -0.508638  0.332199 -0.738124  1.000000  "
      ]
     },
     "execution_count": 5,
     "metadata": {},
     "output_type": "execute_result"
    }
   ],
   "source": [
    "#상관관계 분석\n",
    "house.corr()"
   ]
  },
  {
   "cell_type": "code",
   "execution_count": 15,
   "id": "bd6ffb7e",
   "metadata": {},
   "outputs": [
    {
     "name": "stderr",
     "output_type": "stream",
     "text": [
      "C:\\Users\\Administrator\\AppData\\Local\\Temp\\ipykernel_28408\\3515544278.py:2: FutureWarning: The default value of numeric_only in DataFrame.corr is deprecated. In a future version, it will default to False. Select only valid columns or specify the value of numeric_only to silence this warning.\n",
      "  sns.heatmap(data=house.corr(), cmap='Blues')\n"
     ]
    },
    {
     "data": {
      "text/plain": [
       "<AxesSubplot: >"
      ]
     },
     "execution_count": 15,
     "metadata": {},
     "output_type": "execute_result"
    },
    {
     "data": {
